0,-19.175785064697266
1,-34.30817794799805
3,-7.382534027099609
5,-6.310412883758545
7,-8.684931755065918
9,-45.33605194091797
11,-7.18563985824585
13,-44.82514190673828
15,-116.82579040527344
