0,1.3047642707824707
1,0.9331426620483398
3,0.9333157539367676
5,0.9703900814056396
7,0.9386723041534424
9,0.9355206489562988
11,0.9359743595123291
13,0.931861400604248
15,0.9649209976196289
