0,0.0
2,36.578125
5,17.875
8,29.28125
11,0.0
14,0.0
17,0.0
20,0.0
23,113.765625
